      0/49     5.96G   0.06491  0.008854   0.01179   0.08555        36       416    0.5985    0.2351    0.1908    0.0477    0.1476   0.01636   0.02961
      1/49     5.92G   0.04458  0.007076  0.005873   0.05753        45       416    0.2899    0.1033   0.07947   0.02005    0.1573   0.01334   0.02717
      2/49     5.92G   0.05601  0.007348  0.007758   0.07111        21       416    0.1877    0.1205   0.06139   0.01536    0.1555   0.01113   0.03638
      3/49     5.92G   0.03784  0.006954  0.004004    0.0488        44       416    0.2323    0.3566    0.2226   0.05989    0.1518   0.01095   0.04691
      4/49     5.92G   0.03405  0.007141  0.003019   0.04421        47       416    0.3141    0.4495    0.2559   0.08033    0.1507   0.01205   0.04562
      5/49     5.92G   0.03366  0.007399  0.002632    0.0437        13       416    0.4767    0.4055    0.3485    0.1002    0.1442    0.0116    0.0453
      6/49     5.92G   0.03589  0.007273  0.002473   0.04564        44       416     0.654    0.4238    0.4731    0.1642    0.1421   0.01135   0.04372
      7/49     5.92G   0.03807  0.007501  0.002087   0.04766        30       416    0.4798    0.5529    0.4956    0.1677    0.1419   0.01146   0.04886
      8/49     5.92G   0.03643  0.007239  0.002056   0.04572        37       416      0.61    0.5421    0.5248    0.1796    0.1411   0.01159   0.04828
      9/49     5.92G   0.03723  0.007394  0.002143   0.04676        40       416    0.6261    0.5519    0.5764    0.2166    0.1393   0.01226   0.04121
     10/49     5.92G   0.03906  0.007287   0.00261   0.04896        29       416    0.5672    0.5258    0.5086    0.1634    0.1394   0.01235   0.04417
     11/49     5.92G   0.03802  0.007265   0.00212   0.04741       108       416    0.6458    0.5903    0.6036    0.2223    0.1376   0.01216   0.04893
     12/49     5.92G   0.03808  0.007086  0.002151   0.04732        49       416    0.6694    0.5534    0.5964    0.2051    0.1365   0.01223    0.0425
     13/49     5.92G   0.03821  0.007152  0.001999   0.04736        29       416    0.7006    0.5862    0.6281    0.2421    0.1365   0.01257   0.04691
     14/49     5.92G   0.03743  0.007041  0.001778   0.04625        26       416    0.7331    0.6524    0.6876    0.2649    0.1347   0.01237   0.04699
     15/49     5.92G   0.03605  0.007326  0.001799   0.04518        34       416    0.7585     0.662    0.6936    0.2695    0.1358   0.01217   0.05585
     16/49     5.92G   0.03541  0.007048  0.001438    0.0439        20       416    0.7727    0.6522    0.7034    0.2919    0.1328   0.01292   0.04759
     17/49     5.92G   0.03453  0.007095  0.001205   0.04283         5       416    0.7534    0.7087    0.7321    0.3067    0.1349   0.01264   0.05615
     18/49     5.92G   0.03403  0.007011  0.001255   0.04229        12       416    0.8388    0.6943    0.7709    0.3331    0.1319   0.01287   0.05466
